-9999	-9999	-9999	-9999	-9999	-9999	-9999	-9999	-9999	-9999	-9999	-9999	-9999	-9999	-9999	-9999	-9999	-9999	-9999	-9999	-9999	-9999	-9999	-9216.3	-7846.6	-6985.7	-6007.5	-5107.5	-3972.8	-2759.8	-1546.9	-373.43	-373.8	-1547.9	-2682.7	-4521.7	-7416.9	-9764.3	-9999	-9999	-9999	-9999	-9999	-9999	-9999	-9999	-9999	-9999	-9999	-9999	-9999	-9999	-9999	-9999	-9999	-9999	-9999	-9999	-9999	-9999	-9999	-9999	-9999	-9999	-9999	-9999	-9999	-9999	-9999	-9999	-9999	-9999	-9999	-9999	-9999	-9999	-9999	-9999	-9999	-9999	-9999	-9999	-9999	-9999	-9999	-9999	-9999	-9999	-9999
-9999	-9999	-9999	-9999	-9999	-9999	-9999	-9999	-9999	-9999	-9999	-9999	-9999	-9999	-9999	-9999	-9999	-9999	-9999	-9059.7	-6554.9	-4050.2	-1663.1	-19.598	19.291	19.041	18.857	18.672	18.501	18.286	17.981	17.619	17.311	17.032	16.742	16.473	16.191	-492.66	-3114	-6008.9	-8903.7	-9999	-9999	-9999	-9999	-9999	-9999	-9999	-9999	-9999	-9999	-9999	-9999	-9999	-9999	-9999	-9999	-9999	-9999	-9999	-9999	-9999	-9999	-9999	-9999	-9999	-9999	-9999	-9999	-9999	-9999	-9999	-9999	-9999	-9999	-9999	-9999	-9999	-9999	-9999	-9999	-9999	-9999	-9999	-9999	-9999	-9999	-9999	-9999
-9999	-9999	-9999	-9999	-9999	-9999	-9999	-9999	-9999	-9999	-9999	-9999	-9999	-9999	-9999	-9959.9	-7220	-4010.5	-1544.9	20.425	20.115	19.87	19.628	19.383	19.146	18.893	18.703	18.532	18.338	18.099	17.767	17.456	17.171	16.881	16.579	16.286	16.003	15.727	15.463	15.231	-24.097	-2175.8	-5500.8	-8825.6	-9999	-9999	-9999	-9999	-9999	-9999	-9999	-9999	-9999	-9999	-9999	-9999	-9999	-9999	-9999	-9999	-9999	-9999	-9999	-9999	-9999	-9999	-9999	-9999	-9999	-9999	-9999	-9999	-9999	-9999	-9999	-9999	-9999	-9999	-9999	-9999	-9999	-9999	-9999	-9999	-9999	-9999	-9999	-9999	-9999
-9999	-9999	-9999	-9999	-9999	-9999	-9999	-9999	-9999	-9999	-9999	-9999	-9999	-9920.7	-6671.9	-1896.7	21.061	20.828	20.561	20.261	19.974	19.701	19.469	19.226	18.986	18.744	18.539	18.354	18.155	17.899	17.593	17.398	17.073	16.72	16.435	16.123	15.854	15.562	15.334	15.101	14.857	14.61	14.353	-25.01	-2841.3	-8317.2	-9999	-9999	-9999	-9999	-9999	-9999	-9999	-9999	-9999	-9999	-9999	-9999	-9999	-9999	-9999	-9999	-9999	-9999	-9999	-9999	-9999	-9999	-9999	-9999	-9999	-9999	-9999	-9999	-9999	-9999	-9999	-9999	-9999	-9999	-9999	-9999	-9999	-9999	-9999	-9999	-9999	-9999	-9999
-9999	-9999	-9999	-9999	-9999	-9999	-9999	-9999	-9999	-9999	-9999	-9803.3	-6241.2	-1544.2	21.401	21.18	20.907	20.645	20.375	20.097	19.832	19.547	19.311	19.074	18.81	18.56	18.343	18.14	17.946	17.702	17.463	17.23	16.931	16.598	16.301	15.962	15.685	15.444	15.196	14.971	14.732	14.474	14.257	14.043	13.769	-142.93	-4171.5	-9451.5	-9999	-9999	-9999	-9999	-9999	-9999	-9999	-9999	-9999	-9999	-9999	-9999	-9999	-9999	-9999	-9999	-9999	-9999	-9999	-9999	-9999	-9999	-9999	-9999	-9999	-9999	-9999	-9999	-9999	-9999	-9999	-9999	-9999	-9999	-9999	-9999	-9999	-9999	-9999	-9999	-9999
-9999	-9999	-9999	-9999	-9999	-9999	-9999	-9999	-9999	-9999	-6319.4	-1152.5	21.602	21.425	21.234	21.018	20.704	20.45	20.185	19.91	19.68	19.442	19.141	18.87	18.612	18.386	18.178	17.967	17.774	17.532	17.201	16.931	16.706	16.419	16.128	15.808	15.568	15.347	15.063	14.831	14.584	14.397	14.188	13.921	13.641	13.396	13.178	-2138	-9412.4	-9999	-9999	-9999	-9999	-9999	-9999	-9999	-9999	-9999	-9999	-9999	-9999	-9999	-9999	-9999	-9999	-9999	-9999	-9999	-9999	-9999	-9999	-9999	-9999	-9999	-9999	-9999	-9999	-9999	-9999	-9999	-9999	-9999	-9999	-9999	-9999	-9999	-9999	-9999	-9999
-9999	-9999	-9999	-9999	-9999	-9999	-9999	-9999	-9490.1	-3422.8	21.799	21.614	21.427	21.237	21.045	20.778	20.509	20.266	19.972	19.741	19.526	19.239	18.967	18.691	18.426	18.198	18.022	17.828	17.609	17.371	17.062	16.735	16.519	16.258	15.932	15.648	15.459	15.263	14.942	14.706	14.47	14.286	14.043	13.728	13.487	13.264	13.041	12.802	-2138.3	-9412.4	-9999	-9999	-9999	-9999	-9999	-9999	-9999	-9999	-9999	-9999	-9999	-9999	-9999	-9999	-9999	-9999	-9999	-9999	-9999	-9999	-9999	-9999	-9999	-9999	-9999	-9999	-9999	-9999	-9999	-9999	-9999	-9999	-9999	-9999	-9999	-9999	-9999	-9999	-9999
-9999	-9999	-9999	-9999	-9999	-9999	-9999	-8511.5	-1465.6	21.761	21.613	21.424	21.207	21.046	20.83	20.559	20.307	20.05	19.757	19.572	19.261	19.011	18.743	18.48	18.224	18.026	17.865	17.637	17.402	17.127	16.845	16.581	16.296	16.054	15.792	15.531	15.311	15.079	14.775	14.561	14.315	14.099	13.843	13.53	13.31	13.093	12.884	12.656	12.395	-2138.7	-7574.5	-9803.5	-9999	-9999	-9999	-9999	-9999	-9999	-9999	-9999	-9999	-9999	-9999	-9999	-9999	-9999	-9999	-9999	-9999	-9999	-9999	-9999	-9999	-9999	-9999	-9999	-9999	-9999	-9999	-9999	-9999	-9999	-9999	-9999	-9999	-9999	-9999	-9999	-9999
-9999	-9999	-9999	-9999	-9999	-9999	-7728.6	-800.11	21.745	21.578	21.419	21.213	21.002	20.814	20.587	20.335	20.111	19.821	19.571	19.369	19.058	18.78	18.51	18.263	18.007	17.819	17.66	17.41	17.177	16.92	16.641	16.381	16.116	15.878	15.646	15.387	15.127	14.82	14.584	14.419	14.123	13.909	13.658	13.372	13.163	12.958	12.729	12.515	12.255	11.979	11.761	-535.92	-3195.1	-5971.5	-8826	-9999	-9999	-9999	-9999	-9999	-9999	-9999	-9999	-9999	-9999	-9999	-9999	-9999	-9999	-9999	-9999	-9999	-9999	-9999	-9999	-9999	-9999	-9999	-9999	-9999	-9999	-9999	-9999	-9999	-9999	-9999	-9999	-9999	-9999
-9999	-9999	-9999	-9999	-9999	-7141.4	-369.53	21.733	21.527	21.377	21.17	20.986	20.777	20.59	20.416	20.13	19.887	19.604	19.373	19.129	18.848	18.582	18.312	18.029	17.782	17.618	17.426	17.204	16.943	16.709	16.44	16.191	15.918	15.696	15.462	15.184	14.918	14.625	14.41	14.244	13.923	13.702	13.444	13.185	12.999	12.805	12.577	12.334	12.052	11.795	11.563	11.32	11.081	10.867	10.568	-1397.3	-4056.2	-6675.8	-9178	-9999	-9999	-9999	-9999	-9999	-9999	-9999	-9999	-9999	-9999	-9999	-9999	-9999	-9999	-9999	-9999	-9999	-9999	-9999	-9999	-9999	-9999	-9999	-9999	-9999	-9999	-9999	-9999	-9999	-9999
-9999	-9999	-9999	-9999	-9137.8	-800.11	21.733	21.546	21.368	21.184	21	20.801	20.597	20.409	20.186	19.875	19.643	19.378	19.154	18.917	18.694	18.41	18.104	17.811	17.589	17.405	17.185	16.944	16.7	16.509	16.237	15.978	15.732	15.474	15.229	14.97	14.701	14.396	14.182	14.003	13.751	13.524	13.258	13.038	12.862	12.679	12.441	12.154	11.827	11.58	11.322	11.077	10.822	10.579	10.367	10.032	9.7676	9.4939	-68.942	-1867.5	-3705.1	-4174.4	-4409.1	-5816.5	-7810	-9647.2	-9999	-9999	-9999	-9999	-9999	-9999	-9999	-9999	-9999	-9999	-9999	-9999	-9999	-9999	-9999	-9999	-9999	-9999	-9999	-9999	-9999	-9999	-9999
-9999	-9999	-9999	-9999	-3109.7	21.742	21.569	21.403	21.227	21.047	20.839	20.629	20.433	20.218	19.977	19.666	19.449	19.191	18.985	18.749	18.509	18.236	17.904	17.61	17.388	17.147	16.944	16.713	16.483	16.278	16.047	15.779	15.54	15.289	15.002	14.708	14.443	14.211	13.983	13.719	13.553	13.303	13.078	12.883	12.703	12.512	12.256	11.921	11.643	11.394	11.138	10.828	10.47	10.227	10.016	9.743	9.4831	9.2323	9.0337	8.8323	8.5046	8.1365	7.8684	7.6632	7.3564	-149.43	-1791.3	-3784.7	-5582.7	-7302.4	-9022	-9999	-9999	-9999	-9999	-9999	-9999	-9999	-9999	-9999	-9999	-9999	-9999	-9999	-9999	-9999	-9999	-9999	-9999
-9999	-9999	-9999	-6789.2	21.68	21.566	21.385	21.223	21.084	20.864	20.674	20.435	20.201	19.977	19.723	19.483	19.255	19.024	18.796	18.548	18.298	18.024	17.682	17.418	17.187	16.95	16.742	16.519	16.25	16.042	15.821	15.601	15.334	15.059	14.764	14.471	14.241	14.04	13.734	13.49	13.29	13.064	12.876	12.708	12.508	12.338	12.057	11.733	11.511	11.242	10.919	10.601	10.205	9.98	9.7178	9.4294	9.1707	8.9513	8.7747	8.5645	8.219	7.9042	7.6433	7.3902	7.0555	6.6672	6.4182	6.1469	5.8757	5.6357	5.2464	-698.48	-2457.2	-4176.8	-7185.7	-9999	-9999	-9999	-9999	-9999	-9999	-9999	-9999	-9999	-9999	-9999	-9999	-9999	-9999
-9999	-9999	-9999	-2914.2	21.472	21.342	21.194	21.037	20.908	20.673	20.468	20.216	19.982	19.777	19.556	19.327	19.087	18.835	18.595	18.362	18.09	17.797	17.5	17.24	16.994	16.758	16.527	16.276	16.045	15.759	15.57	15.349	15.031	14.75	14.516	14.316	14.06	13.763	13.455	13.242	13.066	12.896	12.706	12.514	12.313	12.125	11.885	11.581	11.322	11	10.648	10.277	9.9405	9.7741	9.412	9.1371	8.902	8.7101	8.5145	8.2824	7.9283	7.6787	7.4195	7.1399	6.789	6.4367	6.1594	5.9428	5.6354	5.3205	4.9491	4.5892	4.301	3.9893	3.6802	-2887.9	-8475.2	-9999	-9999	-9999	-9999	-9999	-9999	-9999	-9999	-9999	-9999	-9999	-9999
-9999	-9999	-9294.5	-174.36	21.212	21.084	20.988	20.831	20.648	20.456	20.233	20.01	19.773	19.612	19.377	19.149	18.886	18.615	18.386	18.149	17.874	17.607	17.333	17.041	16.773	16.529	16.29	16.017	15.77	15.531	15.341	15.099	14.819	14.586	14.361	14.098	13.766	13.491	13.234	13.02	12.843	12.698	12.538	12.346	12.149	11.933	11.688	11.425	11.121	10.718	10.322	10.045	9.7212	9.5056	9.1296	8.886	8.6918	8.4528	8.1989	7.9652	7.7273	7.4717	7.1975	6.8888	6.5458	6.2186	5.9024	5.6478	5.3817	5.0728	4.7289	4.4082	4.0921	3.7711	3.4797	3.1737	-192.51	-5388.9	-9999	-9999	-9999	-9999	-9999	-9999	-9999	-9999	-9999	-9999	-9999
-9999	-9999	-5928.3	21.083	20.96	20.853	20.755	20.621	20.416	20.217	20.003	19.761	19.553	19.364	19.175	18.985	18.639	18.392	18.18	17.931	17.637	17.376	17.142	16.8	16.555	16.322	16.072	15.792	15.517	15.302	15.13	14.91	14.604	14.378	14.113	13.798	13.511	13.245	12.991	12.804	12.652	12.498	12.332	12.17	11.973	11.701	11.472	11.212	10.858	10.475	10.104	9.8132	9.4831	9.2382	8.9404	8.6727	8.4019	8.1528	7.9132	7.7024	7.5104	7.2573	6.9994	6.7149	6.4063	6.0344	5.7239	5.4123	5.1091	4.8227	4.5172	4.221	3.8979	3.5888	3.2579	2.9285	2.6033	2.189	-4412.6	-9960	-9999	-9999	-9999	-9999	-9999	-9999	-9999	-9999	-9999
-9999	-9999	-2444.9	20.832	20.695	20.624	20.549	20.379	20.171	19.966	19.718	19.514	19.307	19.112	18.955	18.703	18.388	18.137	17.942	17.682	17.405	17.175	16.922	16.619	16.313	16.084	15.864	15.622	15.328	15.066	14.926	14.686	14.258	14.009	13.785	13.487	13.264	12.999	12.764	12.578	12.437	12.296	12.108	11.954	11.734	11.425	11.152	10.919	10.584	10.19	9.8763	9.5334	9.2991	9.0158	8.7701	8.4989	8.2066	7.9499	7.6914	7.4657	7.2537	7.0171	6.7926	6.5329	6.2018	5.8518	5.5298	5.2251	4.9132	4.6202	4.3332	4.0234	3.7218	3.417	3.0729	2.7223	2.315	1.9427	1.6132	-3670.7	-9920.9	-9999	-9999	-9999	-9999	-9999	-9999	-9999	-9999
-9999	-8942.2	-57.596	20.574	20.456	20.386	20.268	20.12	19.912	19.693	19.449	19.24	19.057	18.885	18.641	18.423	18.161	17.916	17.69	17.434	17.195	16.999	16.794	16.45	16.124	15.86	15.651	15.421	15.159	14.84	14.68	14.327	13.998	13.753	13.505	13.237	12.986	12.764	12.551	12.364	12.173	12.051	11.856	11.698	11.466	11.185	10.863	10.561	10.255	9.9295	9.6211	9.2898	9.0978	8.83	8.6265	8.3297	8.046	7.8056	7.5048	7.2189	6.9678	6.7781	6.5696	6.3096	6.0138	5.6734	5.307	5.0069	4.716	4.4273	4.1222	3.8524	3.5698	3.2505	2.9246	2.5159	2.1186	1.8022	1.482	1.1504	-4335	-9999	-9999	-9999	-9999	-9999	-9999	-9999	-9999
-9999	-5498	20.436	20.316	20.23	20.132	20.005	19.847	19.697	19.46	19.224	19.049	18.868	18.605	18.361	18.163	17.941	17.723	17.518	17.264	17.027	16.803	16.576	16.236	15.885	15.612	15.375	15.167	14.944	14.618	14.407	14.104	13.771	13.509	13.261	13.028	12.774	12.556	12.328	12.109	11.9	11.743	11.588	11.399	11.196	10.877	10.586	10.305	9.9724	9.6798	9.4031	9.1014	8.8728	8.6761	8.4535	8.1529	7.8607	7.6468	7.351	7.0131	6.7101	6.5034	6.321	6.0804	5.7587	5.3707	5.0448	4.8287	4.5607	4.2483	3.9645	3.6754	3.3884	3.0339	2.7431	2.3409	2.0016	1.6775	1.3954	1.0416	0.73615	-5428.9	-9999	-9999	-9999	-9999	-9999	-9999	-9999
-9999	-2014.9	20.193	20.079	19.986	19.875	19.762	19.618	19.462	19.243	19.034	18.87	18.642	18.384	18.151	17.953	17.734	17.517	17.263	17.029	16.782	16.527	16.273	16.01	15.703	15.42	15.181	14.963	14.749	14.469	14.166	13.899	13.582	13.29	13.059	12.854	12.565	12.325	12.096	11.836	11.612	11.458	11.35	11.168	10.934	10.592	10.338	10.063	9.7617	9.4634	9.211	8.9537	8.6788	8.4876	8.2682	7.9535	7.6273	7.4261	7.1498	6.8106	6.5103	6.2276	6.007	5.7512	5.4297	5.0994	4.8382	4.6271	4.4086	4.0902	3.7719	3.4455	3.0798	2.7826	2.6007	2.1582	1.7707	1.506	1.2433	0.902	0.60916	-38.742	-6640	-9999	-9999	-9999	-9999	-9999	-9999
-8550.9	20.107	19.973	19.86	19.767	19.663	19.538	19.416	19.242	19.027	18.859	18.658	18.392	18.179	17.974	17.737	17.467	17.216	16.998	16.769	16.566	16.277	15.998	15.757	15.507	15.213	14.987	14.774	14.502	14.231	13.954	13.703	13.413	13.12	12.861	12.603	12.305	12.081	11.836	11.538	11.293	11.12	11.005	10.767	10.565	10.273	10.081	9.8173	9.4514	9.1927	8.9576	8.746	8.4503	8.2251	8.0299	7.7257	7.391	7.1883	6.9103	6.6169	6.3338	6.0193	5.6852	5.3594	5.1229	4.904	4.6674	4.4026	4.1833	3.8866	3.5743	3.1889	2.8133	2.52	2.3396	1.9655	1.5901	1.3312	1.0753	0.73847	0.41338	0.10654	-468.91	-8280.5	-9999	-9999	-9999	-9999	-9999
-5928.8	19.858	19.755	19.666	19.545	19.45	19.331	19.19	19.036	18.866	18.68	18.432	18.183	17.987	17.723	17.496	17.229	16.986	16.725	16.51	16.299	15.998	15.746	15.523	15.238	15.04	14.852	14.607	14.318	14.02	13.764	13.54	13.277	12.967	12.633	12.372	12.087	11.848	11.584	11.27	11.029	10.781	10.659	10.428	10.127	9.9076	9.6667	9.3792	9.0588	8.865	8.6915	8.4666	8.1892	7.9637	7.7603	7.4298	7.152	6.948	6.684	6.3698	6.1129	5.7934	5.4209	5.1221	4.8768	4.6866	4.4381	4.1711	3.9449	3.6668	3.2506	2.9066	2.5716	2.2476	2.0018	1.7063	1.4095	1.1373	0.86126	0.53661	0.26794	-0.05389	-0.43074	-1484.9	-9452.2	-9999	-9999	-9999	-9999
-4950.5	19.682	19.575	19.451	19.317	19.235	19.13	19.013	18.884	18.724	18.52	18.282	18.001	17.743	17.441	17.206	16.951	16.688	16.439	16.182	15.972	15.737	15.505	15.264	15.006	14.827	14.636	14.379	14.08	13.819	13.578	13.38	13.121	12.759	12.454	12.155	11.832	11.542	11.284	10.988	10.742	10.524	10.276	10.042	9.8065	9.5434	9.222	9.0002	8.8231	8.6333	8.4127	8.1788	7.974	7.5967	7.3565	7.0801	6.8368	6.6635	6.386	6.0627	5.838	5.5284	5.1924	4.8991	4.6262	4.4082	4.1778	3.8778	3.6669	3.4009	3.0192	2.679	2.367	2.0648	1.7502	1.4577	1.2403	0.8948	0.61631	0.29874	0.056292	-0.27154	-0.64291	-0.90432	-3984.7	-9999	-9999	-9999	-9999
-4050.5	19.47	19.362	19.217	19.115	19.013	18.918	18.8	18.705	18.572	18.387	18.102	17.82	17.517	17.187	16.978	16.733	16.479	16.228	15.989	15.736	15.477	15.226	15.003	14.804	14.603	14.389	14.14	13.865	13.605	13.381	13.201	12.933	12.594	12.279	11.902	11.574	11.269	11.046	10.758	10.514	10.291	10.04	9.7859	9.5469	9.2366	8.9717	8.7553	8.5851	8.4002	8.1628	7.9515	7.7257	7.3425	7.0043	6.7999	6.5833	6.3205	6.0493	5.7795	5.5105	5.2079	4.8959	4.6439	4.3798	4.1793	3.9299	3.5982	3.398	3.1435	2.7954	2.49	2.2284	1.9242	1.5978	1.2741	1.0269	0.69062	0.38635	0.077303	-0.2745	-0.56255	-0.85589	-1.1236	-40.532	-7460.6	-9999	-9999	-9999
-3150.6	19.2	19.127	18.937	18.821	18.742	18.672	18.566	18.477	18.383	18.198	17.904	17.639	17.316	17.015	16.841	16.616	16.335	16.1	15.816	15.55	15.288	15.03	14.772	14.593	14.366	14.149	13.882	13.601	13.369	13.194	13.018	12.707	12.416	12.106	11.702	11.358	11.062	10.806	10.545	10.288	10.049	9.7358	9.4534	9.2295	8.9443	8.7542	8.5422	8.3481	8.1514	7.9828	7.7328	7.405	7.1054	6.798	6.5045	6.2791	5.9912	5.68	5.4544	5.2032	4.945	4.7329	4.4772	4.2057	3.9347	3.6479	3.3123	3.0702	2.8383	2.5802	2.2108	1.9668	1.6881	1.3775	1.0913	0.83658	0.53482	0.19877	-0.088118	-0.44047	-0.77365	-1.0393	-1.2947	-1.6174	-1407.8	-9608.5	-9999	-9999
-2211.6	18.951	18.886	18.709	18.585	18.53	18.434	18.303	18.203	18.088	17.878	17.633	17.384	17.07	16.856	16.618	16.345	16.042	15.797	15.519	15.245	15.046	14.835	14.578	14.371	14.137	13.916	13.693	13.433	13.226	13.042	12.809	12.511	12.227	11.96	11.55	11.159	10.822	10.553	10.318	10.046	9.7809	9.4756	9.2203	9.0122	8.7641	8.5088	8.3112	8.1335	7.9461	7.766	7.5145	7.2634	6.8965	6.6292	6.2783	6.0007	5.7048	5.4437	5.2198	4.9714	4.7553	4.5657	4.3155	3.9924	3.7275	3.415	3.109	2.853	2.5663	2.3398	2.0273	1.714	1.4949	1.2383	0.92125	0.66045	0.33974	0.024269	-0.30741	-0.64166	-0.93925	-1.1779	-1.4667	-1.8232	-2.1114	-4688.3	-9999	-9999
-1350.9	18.709	18.59	18.433	18.349	18.28	18.189	18.049	17.929	17.827	17.608	17.336	17.067	16.834	16.626	16.332	16.084	15.808	15.524	15.281	15.059	14.838	14.605	14.389	14.173	13.95	13.73	13.482	13.239	13.067	12.854	12.573	12.329	12.01	11.762	11.349	10.923	10.593	10.341	10.088	9.8339	9.4824	9.1877	8.9908	8.8247	8.5758	8.2566	8.0733	7.8983	7.6828	7.5004	7.2901	7.0047	6.6476	6.4472	6.154	5.8211	5.4996	5.2519	5.0255	4.8046	4.5823	4.3448	4.0241	3.7384	3.4877	3.1632	2.8382	2.5898	2.3203	2.1403	1.8451	1.4605	1.2723	0.98506	0.71737	0.48429	0.18508	-0.12626	-0.47101	-0.79975	-1.0481	-1.3202	-1.6819	-2.0243	-2.2568	-236.83	-8437.1	-9999
-372.8	18.413	18.302	18.181	18.049	17.976	17.915	17.811	17.693	17.579	17.351	17.059	16.844	16.633	16.377	16.118	15.884	15.63	15.349	15.116	14.901	14.679	14.409	14.16	13.951	13.753	13.543	13.297	13.06	12.86	12.587	12.355	12.112	11.787	11.536	11.101	10.729	10.424	10.165	9.8833	9.5705	9.2363	8.9769	8.7682	8.573	8.3065	8.0108	7.801	7.6067	7.4159	7.2026	6.9761	6.6805	6.4335	6.2351	5.8668	5.5122	5.2269	5.0208	4.8396	4.6252	4.3643	4.1445	3.7844	3.5276	3.2299	2.9227	2.6505	2.3793	2.1082	1.8978	1.5968	1.2239	0.98815	0.77769	0.54221	0.29064	-0.015445	-0.34869	-0.65605	-0.98789	-1.2429	-1.532	-1.8945	-2.1938	-2.434	-2.6759	-2697.2	-9999
-686.11	18.161	18.066	17.953	17.848	17.767	17.668	17.543	17.446	17.304	17.063	16.828	16.641	16.399	16.172	15.928	15.684	15.424	15.169	14.924	14.726	14.492	14.243	13.999	13.755	13.569	13.351	13.103	12.852	12.674	12.413	12.161	11.895	11.595	11.32	10.928	10.55	10.292	9.962	9.6162	9.3522	9.0775	8.7934	8.5614	8.3172	7.977	7.6763	7.4349	7.2407	7.074	6.9456	6.6805	6.3355	6.1205	5.8084	5.5215	5.2411	4.986	4.7903	4.6235	4.3989	4.119	3.874	3.6175	3.3347	2.9796	2.6873	2.4421	2.157	1.862	1.6086	1.3039	0.98917	0.73252	0.54389	0.3888	0.1269	-0.19831	-0.51114	-0.82405	-1.1808	-1.4132	-1.6791	-2.019	-2.3189	-2.5832	-2.8358	-3.1009	-7695.3
-2055.8	17.887	17.807	17.726	17.652	17.546	17.45	17.311	17.222	17.093	16.871	16.675	16.488	16.195	15.962	15.722	15.472	15.222	14.991	14.761	14.514	14.295	14.076	13.828	13.554	13.338	13.109	12.872	12.65	12.475	12.259	11.988	11.678	11.375	11.098	10.717	10.4	10.123	9.7879	9.4737	9.1808	8.8683	8.6229	8.3558	8.097	7.7305	7.4025	7.1524	6.9118	6.7516	6.58	6.3962	6.0481	5.861	5.5704	5.2974	5.0161	4.7274	4.5395	4.3697	4.1868	3.9034	3.66	3.4401	3.1723	2.8096	2.4895	2.2304	1.958	1.7007	1.4487	1.1768	0.86913	0.59648	0.32694	0.15378	-0.058296	-0.36879	-0.71179	-1.0456	-1.347	-1.5649	-1.8347	-2.1511	-2.4416	-2.7215	-2.9741	-3.2514	-5665
-3503.8	17.617	17.548	17.494	17.443	17.34	17.239	17.114	17.018	16.905	16.759	16.556	16.276	15.989	15.744	15.527	15.298	15.031	14.8	14.605	14.327	14.078	13.843	13.586	13.324	13.095	12.893	12.658	12.448	12.267	12.067	11.8	11.495	11.154	10.864	10.544	10.252	9.985	9.6868	9.3806	9.0427	8.705	8.451	8.1461	7.8994	7.5521	7.2075	6.9403	6.685	6.4478	6.2532	6.0386	5.7866	5.5862	5.3643	5.077	4.7639	4.5184	4.321	4.1649	3.9653	3.7146	3.4776	3.2872	2.9413	2.6212	2.3001	2.0352	1.8171	1.5966	1.291	1.0083	0.67696	0.416	0.14785	-0.087374	-0.29732	-0.58821	-0.88928	-1.2252	-1.481	-1.7216	-1.9903	-2.2675	-2.5703	-2.8668	-3.1415	-3.3988	-3790.9
-4873.4	17.377	17.315	17.288	17.242	17.137	17.047	16.935	16.851	16.756	16.597	16.367	16.041	15.8	15.564	15.34	15.108	14.867	14.638	14.407	14.166	13.885	13.633	13.372	13.135	12.913	12.692	12.476	12.26	12.07	11.857	11.569	11.269	10.959	10.649	10.362	10.054	9.7098	9.4439	9.1634	8.8692	8.5084	8.283	7.9906	7.7155	7.3527	6.9911	6.7037	6.4652	6.223	5.9925	5.7766	5.556	5.3246	5.1022	4.8552	4.6026	4.375	4.1422	3.9533	3.8172	3.5103	3.2725	3.0394	2.734	2.4116	2.0818	1.8254	1.6181	1.3531	1.0406	0.77749	0.4844	0.19419	-0.042384	-0.27561	-0.5258	-0.83104	-1.1191	-1.3825	-1.6229	-1.8631	-2.1341	-2.4093	-2.7096	-2.9869	-3.2547	-3.5339	-1995
-6282.1	17.16	17.102	17.062	17.014	16.918	16.84	16.789	16.715	16.548	16.395	16.142	15.843	15.595	15.387	15.167	14.945	14.718	14.504	14.261	13.998	13.717	13.458	13.203	12.974	12.763	12.536	12.303	12.096	11.893	11.671	11.365	11.103	10.821	10.496	10.117	9.8409	9.3833	9.1525	8.8798	8.5984	8.2993	8.0774	7.7996	7.409	7.1231	6.819	6.5411	6.3144	6.0829	5.8352	5.5778	5.3715	5.1484	4.9303	4.7053	4.4501	4.1853	3.9845	3.7512	3.4816	3.2113	3.0282	2.7034	2.4068	2.1074	1.8018	1.6084	1.3164	1.0614	0.80473	0.51765	0.25972	-0.0057115	-0.23439	-0.47739	-0.68744	-0.97565	-1.2502	-1.4893	-1.7336	-1.9786	-2.2844	-2.5458	-2.8412	-3.095	-3.395	-3.7182	-316.3
-7612.4	16.968	16.925	16.88	16.822	16.748	16.675	16.628	16.527	16.384	16.228	15.961	15.691	15.432	15.2	14.984	14.769	14.552	14.345	14.072	13.831	13.549	13.276	13.027	12.806	12.585	12.35	12.114	11.922	11.736	11.494	11.216	10.934	10.628	10.308	9.8662	9.5869	9.1866	8.901	8.6033	8.2811	8.0551	7.7556	7.4484	7.1655	6.9022	6.6504	6.4003	6.1469	5.8678	5.5886	5.3488	5.108	4.9266	4.6675	4.3742	4.1236	3.8849	3.6696	3.4998	3.177	2.8344	2.6537	2.375	2.0885	1.839	1.6002	1.3247	0.98875	0.73303	0.54093	0.27821	0.071961	-0.16868	-0.40348	-0.65652	-0.88817	-1.1816	-1.4329	-1.6451	-1.876	-2.1391	-2.4641	-2.7298	-3.0686	-3.2741	-3.6189	-3.8914	-4.1542
-9412.1	-296.17	16.793	16.772	16.7	16.602	16.511	16.451	16.368	16.237	16.036	15.788	15.539	15.299	15.045	14.813	14.584	14.367	14.135	13.856	13.636	13.379	13.112	12.86	12.605	12.385	12.173	11.955	11.759	11.593	11.304	11.068	10.783	10.506	10.116	9.6226	9.3125	9.0025	8.7076	8.4013	8.1179	7.8334	7.5374	7.2646	6.9836	6.751	6.481	6.2086	5.9228	5.5634	5.251	5.0398	4.84	4.5721	4.285	4.0405	3.8251	3.5741	3.3491	3.2271	2.9344	2.602	2.3604	2.0871	1.8424	1.6706	1.2636	0.94825	0.69721	0.48691	0.27563	0.072009	-0.12161	-0.35312	-0.5794	-0.80866	-1.0868	-1.3336	-1.5892	-1.8176	-2.0594	-2.3353	-2.6747	-2.9651	-3.2661	-3.4941	-3.7832	-4.061	-4.3476
-9999	-3700.1	16.656	16.682	16.569	16.431	16.355	16.296	16.214	16.059	15.889	15.647	15.413	15.175	14.923	14.684	14.425	14.182	13.924	13.639	13.389	13.154	12.936	12.639	12.405	12.21	11.99	11.786	11.61	11.381	11.099	10.847	10.566	10.311	9.9247	9.4571	9.1432	8.8676	8.608	8.3345	8.0266	7.6858	7.3378	7.0891	6.7875	6.5447	6.2905	5.9764	5.7138	5.3979	5.014	4.7515	4.5508	4.2855	4.0099	3.7756	3.5907	3.3432	3.0766	2.8844	2.6859	2.3547	2.1391	1.9434	1.7035	1.3011	0.86193	0.61443	0.40702	0.21855	0.025906	-0.17369	-0.33365	-0.5748	-0.75628	-1.0075	-1.3276	-1.5289	-1.7989	-2.0172	-2.2742	-2.5384	-2.8594	-3.1964	-3.4695	-3.6813	-3.9615	-4.2316	-4.5199
-9999	-7769	16.481	16.47	16.368	16.27	16.209	16.158	16.078	15.942	15.755	15.539	15.283	15.055	14.796	14.539	14.277	13.996	13.723	13.427	13.175	12.926	12.684	12.422	12.211	12.03	11.832	11.609	11.432	11.204	10.895	10.649	10.376	10.06	9.6701	9.2561	8.9551	8.7194	8.524	8.2309	7.8279	7.4569	7.1041	6.8341	6.5977	6.3223	6.0703	5.7644	5.5166	5.205	4.7801	4.4807	4.2635	4.0098	3.729	3.5418	3.3298	3.0974	2.8921	2.638	2.3249	2.0644	1.9001	1.7537	1.4291	1.0827	0.62893	0.36517	0.15363	-0.049013	-0.22674	-0.39966	-0.5884	-0.78673	-0.98128	-1.2623	-1.494	-1.7266	-1.9899	-2.2065	-2.4591	-2.7498	-3.0666	-3.3822	-3.6564	-3.859	-4.1273	-4.4191	-434.16
-9999	-9999	-1861.6	16.292	16.224	16.136	16.074	16.026	15.934	15.801	15.613	15.412	15.161	14.959	14.683	14.338	14.066	13.779	13.53	13.241	12.98	12.736	12.511	12.268	12.054	11.858	11.66	11.448	11.263	11.025	10.705	10.472	10.163	9.8621	9.4549	9.1069	8.8045	8.5406	8.346	8.0672	7.6834	7.2688	6.9036	6.5866	6.3499	6.1127	5.8472	5.5876	5.308	4.9489	4.5877	4.2767	4.0356	3.7904	3.512	3.1901	2.9912	2.8209	2.653	2.4651	2.204	1.8485	1.6719	1.5029	1.1167	0.76839	0.42978	0.1527	-0.057275	-0.25008	-0.434	-0.61017	-0.77604	-0.96618	-1.1842	-1.4175	-1.6566	-1.9082	-2.1396	-2.3703	-2.6357	-2.9333	-3.2279	-3.5335	-3.7948	-4.0577	-4.3032	-4.62	-2074
-9999	-9999	-5969.4	16.106	16.068	15.982	15.902	15.86	15.775	15.633	15.465	15.267	15.021	14.721	14.423	14.111	13.867	13.582	13.316	13.065	12.812	12.56	12.332	12.101	11.897	11.699	11.494	11.275	11.089	10.834	10.519	10.252	9.9222	9.5981	9.2843	8.9717	8.6189	8.37	8.1302	7.8552	7.4935	7.0917	6.7332	6.4021	6.132	5.8813	5.6163	5.4156	5.1655	4.7769	4.4194	4.0675	3.8385	3.5684	3.2784	3.0065	2.6995	2.5386	2.3956	2.1697	1.9259	1.5881	1.439	1.2223	0.8338	0.51616	0.22812	-0.04025	-0.25483	-0.45393	-0.64255	-0.82132	-0.98439	-1.1457	-1.3417	-1.5706	-1.8306	-2.0592	-2.2786	-2.5202	-2.7666	-3.1177	-3.4113	-3.6772	-3.9213	-4.2758	-4.5655	-4.8218	-4065.1
-9999	-9999	-9490.4	-531.76	15.889	15.802	15.72	15.709	15.622	15.481	15.304	15.141	14.848	14.477	14.181	13.9	13.674	13.408	13.16	12.931	12.686	12.413	12.174	11.955	11.739	11.546	11.322	11.1	10.883	10.574	10.306	10.037	9.7568	9.4512	9.0867	8.7836	8.443	8.2278	7.9314	7.6323	7.3198	6.9297	6.5294	6.2257	5.9775	5.7032	5.4064	5.1727	4.9955	4.6326	4.2435	3.8824	3.633	3.3537	3.0876	2.8031	2.442	2.231	2.0698	1.8696	1.6128	1.3066	1.1803	0.95696	0.64007	0.28333	-0.0027944	-0.2315	-0.45078	-0.66043	-0.85865	-1.0311	-1.2039	-1.3604	-1.5399	-1.8185	-2.0535	-2.2896	-2.485	-2.713	-2.9825	-3.3279	-3.5932	-3.8325	-4.0491	-4.345	-4.7296	-4.9612	-6056.1
-9999	-9999	-9999	-4131	15.668	15.605	15.539	15.523	15.479	15.343	15.165	14.973	14.664	14.273	13.975	13.731	13.494	13.249	13.01	12.78	12.542	12.271	12.017	11.8	11.591	11.39	11.135	10.91	10.659	10.367	10.124	9.8212	9.4888	9.1432	8.8304	8.5501	8.26	8.0492	7.7603	7.4511	7.1827	6.8053	6.3942	6.0561	5.8051	5.5395	5.2543	4.9224	4.6571	4.4245	4.0807	3.6964	3.4496	3.1575	2.877	2.5601	2.1763	1.9817	1.771	1.5798	1.3546	1.1322	0.90599	0.74117	0.41527	0.089386	-0.19279	-0.41119	-0.61205	-0.84873	-1.0803	-1.2493	-1.4112	-1.5951	-1.7779	-1.9909	-2.2265	-2.4868	-2.7083	-2.9337	-3.2045	-3.5378	-3.7852	-3.9847	-4.2044	-4.4833	-4.8636	-5.1657	-8047.1
-9999	-9999	-9999	-8082.1	15.492	15.436	15.386	15.388	15.343	15.204	14.984	14.708	14.434	14.079	13.836	13.612	13.36	13.099	12.858	12.628	12.367	12.112	11.87	11.653	11.435	11.232	10.971	10.75	10.473	10.21	9.8479	9.5262	9.1974	8.9051	8.6105	8.3287	8.1012	7.8675	7.57	7.2866	6.9534	6.5614	6.1994	5.8887	5.635	5.4118	5.1753	4.8578	4.4563	4.1322	3.827	3.5535	3.2774	2.9505	2.6354	2.2896	1.9531	1.723	1.4974	1.2902	1.1027	0.97031	0.69444	0.48202	0.18794	-0.10812	-0.33951	-0.59647	-0.83959	-1.0782	-1.3062	-1.4746	-1.638	-1.8097	-1.9815	-2.1682	-2.4025	-2.63	-2.8965	-3.1559	-3.4305	-3.7493	-3.9694	-4.1557	-4.3732	-4.6783	-5.0063	-278.56	-9803.8
-9999	-9999	-9999	-9999	-1940.6	15.26	15.228	15.202	15.155	15.014	14.811	14.519	14.221	13.934	13.724	13.497	13.22	12.937	12.707	12.489	12.24	11.98	11.721	11.505	11.284	11.062	10.832	10.595	10.321	9.9696	9.565	9.2341	8.93	8.6256	8.3806	8.1242	7.9441	7.6861	7.4357	7.1328	6.7586	6.3779	6.0508	5.7448	5.4715	5.2094	4.9866	4.6655	4.2728	3.9627	3.634	3.3667	3.1284	2.8195	2.4614	2.1281	1.7598	1.462	1.2236	1.0289	0.86346	0.7061	0.47606	0.22584	-0.0045082	-0.24859	-0.46703	-0.73639	-1.0232	-1.2764	-1.4983	-1.7014	-1.8753	-2.0333	-2.2242	-2.4266	-2.6273	-2.875	-3.136	-3.3658	-3.666	-3.9567	-4.1731	-4.3347	-4.5332	-4.8364	-5.1002	-2074.4	-9999
-9999	-9999	-9999	-9999	-5774.3	15.095	15.065	15.014	14.96	14.82	14.592	14.331	14.035	13.823	13.671	13.364	13.067	12.809	12.546	12.37	12.108	11.853	11.585	11.375	11.168	10.912	10.706	10.431	10.126	9.7424	9.3412	9.0421	8.7098	8.3693	8.1379	7.9116	7.7107	7.475	7.2444	6.9415	6.6516	6.2457	5.9308	5.6557	5.3306	5.0028	4.702	4.4275	4.1015	3.8312	3.58	3.2514	2.9071	2.6351	2.3079	1.978	1.6576	1.3388	1.0463	0.8171	0.62718	0.42535	0.22379	0.022314	-0.15432	-0.39484	-0.6366	-0.89112	-1.184	-1.4638	-1.6819	-1.8839	-2.1111	-2.294	-2.4895	-2.7025	-2.8674	-3.1158	-3.3401	-3.615	-3.9264	-4.1483	-4.3557	-4.5225	-4.722	-4.9705	-5.2503	-4065.4	-9999
-9999	-9999	-9999	-9999	-9334	-297.98	14.897	14.84	14.762	14.604	14.412	14.177	13.912	13.707	13.521	13.22	12.904	12.651	12.44	12.238	11.973	11.723	11.497	11.301	11.073	10.756	10.515	10.22	9.869	9.4895	9.1196	8.7978	8.4653	8.1627	7.934	7.7197	7.5132	7.3088	7.0758	6.7863	6.5069	6.1273	5.7642	5.5254	5.172	4.7703	4.4619	4.1749	3.9021	3.6846	3.416	3.1505	2.8209	2.4845	2.2043	1.8929	1.5534	1.1654	0.82272	0.5996	0.39615	0.2238	0.030961	-0.15065	-0.33703	-0.54185	-0.88856	-1.1492	-1.3884	-1.6642	-1.8743	-2.1063	-2.3346	-2.5605	-2.7531	-2.9263	-3.1135	-3.3833	-3.6241	-3.8584	-4.1573	-4.3441	-4.5167	-4.7032	-4.8981	-5.0977	-5.4469	-6056.3	-9999
-9999	-9999	-9999	-9999	-9999	-3505.7	14.713	14.701	14.554	14.392	14.225	14.014	13.782	13.578	13.319	13.05	12.768	12.535	12.321	12.093	11.834	11.616	11.418	11.188	10.892	10.598	10.328	9.992	9.6269	9.2642	8.9058	8.5536	8.2437	7.9753	7.7342	7.5181	7.3235	7.1094	6.9148	6.6632	6.3653	6.047	5.7205	5.3465	4.9898	4.6428	4.3243	4.0032	3.698	3.4867	3.209	2.9123	2.5943	2.2921	2.1027	1.7434	1.3926	0.97232	0.62523	0.38567	0.17712	-0.0088247	-0.19371	-0.36108	-0.53687	-0.76989	-1.0388	-1.3626	-1.625	-1.8562	-2.033	-2.294	-2.536	-2.7599	-2.9653	-3.1639	-3.3864	-3.6237	-3.8608	-4.1077	-4.3542	-4.5289	-4.6901	-4.8823	-5.0987	-5.3483	-5.6572	-8047.2	-9999
-9999	-9999	-9999	-9999	-9999	-8708.2	-376.61	14.494	14.354	14.214	14.064	13.856	13.653	13.441	13.204	12.933	12.675	12.458	12.21	11.966	11.726	11.536	11.334	11.074	10.726	10.456	10.184	9.8201	9.4574	9.1342	8.7497	8.4089	8.0332	7.7534	7.4994	7.3042	7.1232	6.914	6.7197	6.485	6.2076	5.9551	5.6684	5.2917	4.9056	4.5947	4.216	3.9148	3.5177	3.2417	2.9664	2.6371	2.3416	2.0732	1.8404	1.537	1.2027	0.78958	0.51312	0.24992	-0.013157	-0.21998	-0.41573	-0.59095	-0.76112	-1.022	-1.2763	-1.5713	-1.8024	-2.0699	-2.2621	-2.5522	-2.7577	-2.9528	-3.1637	-3.3608	-3.5761	-3.7958	-4.0091	-4.2378	-4.4603	-4.6547	-4.8879	-5.1061	-5.337	-5.5851	-357.16	-9842.9	-9999
-9999	-9999	-9999	-9999	-9999	-9999	-5579	14.337	14.236	14.044	13.894	13.742	13.531	13.29	13.088	12.839	12.619	12.374	12.175	11.904	11.64	11.44	11.204	10.906	10.593	10.351	10.046	9.6865	9.2809	8.857	8.4982	8.1814	7.8541	7.5706	7.3194	7.1077	6.9145	6.7185	6.4919	6.2715	6.0562	5.8473	5.5515	5.1932	4.8279	4.5394	4.1247	3.6527	3.3345	3.0381	2.7508	2.4584	2.1823	1.9219	1.6355	1.3189	0.98143	0.66714	0.42134	0.1069	-0.20658	-0.41297	-0.61733	-0.81544	-1.0065	-1.2288	-1.5008	-1.7621	-2.0197	-2.2769	-2.4966	-2.7319	-2.964	-3.17	-3.3553	-3.5528	-3.755	-3.9693	-4.1844	-4.3774	-4.5808	-4.7889	-5.0762	-5.3391	-5.5626	-5.786	-2192	-9999	-9999
-9999	-9999	-9999	-9999	-9999	-9999	-9881.6	-2176.2	14.022	13.899	13.743	13.601	13.403	13.175	12.972	12.769	12.524	12.299	12.095	11.823	11.566	11.34	11.09	10.79	10.488	10.267	9.9379	9.5205	9.0852	8.6627	8.2921	7.9523	7.6696	7.3779	7.1198	6.8979	6.7144	6.531	6.3156	6.0954	5.9251	5.679	5.3429	5.0592	4.7291	4.3564	3.888	3.4334	3.1275	2.844	2.5423	2.2809	2.0599	1.7767	1.4632	1.1212	0.85829	0.59596	0.33908	-0.023389	-0.38004	-0.6027	-0.80563	-1.0104	-1.2193	-1.4451	-1.6567	-1.97	-2.1999	-2.4291	-2.6938	-2.8906	-3.1083	-3.3393	-3.5474	-3.7366	-3.9387	-4.146	-4.3555	-4.5569	-4.745	-4.9685	-5.2388	-5.5117	-5.7134	-5.9934	-4182.9	-9999	-9999
-9999	-9999	-9999	-9999	-9999	-9999	-9999	-8278	-259.95	13.755	13.616	13.438	13.259	13.077	12.884	12.662	12.418	12.217	11.982	11.707	11.478	11.248	10.982	10.695	10.393	10.155	9.7754	9.3686	8.9307	8.5353	8.1619	7.7921	7.4975	7.1961	6.9075	6.6918	6.5087	6.3318	6.1426	5.88	5.7168	5.4097	5.1423	4.8624	4.5133	4.12	3.6475	3.2812	2.9408	2.6351	2.336	2.0728	1.8638	1.5855	1.2048	0.90359	0.71467	0.43012	0.10458	-0.17063	-0.52047	-0.79242	-0.99462	-1.1969	-1.402	-1.6239	-1.8587	-2.133	-2.3796	-2.6118	-2.8535	-3.0725	-3.2782	-3.4924	-3.7077	-3.9193	-4.114	-4.3208	-4.5318	-4.747	-4.9569	-5.1524	-5.4457	-5.7008	-5.9161	-6.2093	-6173.7	-9999	-9999
-9999	-9999	-9999	-9999	-9999	-9999	-9999	-9999	-5031.8	13.617	13.478	13.3	13.142	12.977	12.776	12.564	12.339	12.087	11.844	11.612	11.411	11.165	10.909	10.583	10.305	10.013	9.6806	9.2325	8.7947	8.3908	8.0223	7.7002	7.3314	7.0281	6.7751	6.499	6.2875	6.0975	5.9082	5.6553	5.4429	5.1995	4.9079	4.6002	4.2727	3.9511	3.4931	3.1231	2.7793	2.4524	2.1566	1.8921	1.6204	1.385	1.0006	0.74601	0.49111	0.18639	-0.11558	-0.41876	-0.71631	-0.9773	-1.1904	-1.3855	-1.5812	-1.7902	-2.0111	-2.2418	-2.4869	-2.7352	-2.9839	-3.2196	-3.4451	-3.6628	-3.8691	-4.0806	-4.2867	-4.487	-4.7447	-4.9539	-5.1651	-5.394	-5.6396	-5.8627	-6.0957	-6.3808	-8242.5	-9999	-9999
-9999	-9999	-9999	-9999	-9999	-9999	-9999	-9999	-9803.5	-1707.4	13.353	13.211	13.052	12.913	12.716	12.516	12.263	12	11.753	11.543	11.354	11.093	10.8	10.495	10.212	9.8546	9.5447	9.1192	8.65	8.3077	7.946	7.5954	7.2208	6.8898	6.5956	6.327	6.0849	5.8868	5.6966	5.4526	5.1658	4.9496	4.6603	4.3375	4.0645	3.7079	3.268	2.9589	2.6671	2.3429	2.0279	1.7614	1.5103	1.2448	0.94627	0.6216	0.34713	0.077325	-0.22431	-0.55524	-0.8634	-1.1204	-1.3658	-1.5779	-1.7711	-1.97	-2.1793	-2.3949	-2.6175	-2.8525	-3.0981	-3.3449	-3.5848	-3.8279	-4.042	-4.2468	-4.4506	-4.7121	-4.9658	-5.1618	-5.3689	-5.5877	-5.8054	-6.0278	-6.2708	-435.92	-9881.9	-9999	-9999
-9999	-9999	-9999	-9999	-9999	-9999	-9999	-9999	-9999	-7926.1	-104.09	13.104	12.949	12.806	12.648	12.438	12.174	11.918	11.694	11.481	11.244	10.965	10.673	10.41	10.105	9.7023	9.3791	8.9765	8.549	8.1618	7.8161	7.4131	7.0727	6.7635	6.4422	6.1895	5.9122	5.6571	5.455	5.2538	4.991	4.7479	4.4564	4.1426	3.8392	3.4636	3.1023	2.8031	2.5314	2.1899	1.9173	1.6449	1.4099	1.1399	0.85467	0.54564	0.2181	-0.051186	-0.35462	-0.69156	-0.98255	-1.2439	-1.4907	-1.7317	-1.9549	-2.1557	-2.3591	-2.5653	-2.7763	-2.9946	-3.2222	-3.4612	-3.7042	-3.947	-4.1922	-4.4113	-4.6277	-4.8897	-5.1238	-5.3376	-5.565	-5.8138	-6.0032	-6.2248	-6.5054	-3051.2	-9999	-9999	-9999
-9999	-9999	-9999	-9999	-9999	-9999	-9999	-9999	-9999	-9999	-5618.7	12.996	12.869	12.727	12.521	12.294	12.108	11.85	11.613	11.392	11.125	10.846	10.548	10.291	10.008	9.5835	9.2004	8.8649	8.4417	7.9978	7.5926	7.1825	6.9318	6.6059	6.3319	6.0604	5.6457	5.3642	5.2176	5.0413	4.8131	4.5663	4.3141	3.9919	3.6745	3.3367	3.04	2.7396	2.4175	2.1239	1.8306	1.5126	1.2649	1.0037	0.72031	0.43593	0.13948	-0.16515	-0.45605	-0.76948	-1.0613	-1.3349	-1.6016	-1.8516	-2.1002	-2.3286	-2.5373	-2.7431	-2.9474	-3.1529	-3.3754	-3.595	-3.8263	-4.0646	-4.3084	-4.5477	-4.7934	-5.0298	-5.2658	-5.4958	-5.7526	-5.9998	-6.1957	-6.4329	-6.7017	-5939.7	-9999	-9999	-9999
-9999	-9999	-9999	-9999	-9999	-9999	-9999	-9999	-9999	-9999	-9999	-4484.6	12.787	12.609	12.401	12.184	11.991	11.758	11.507	11.245	10.998	10.744	10.425	10.2	9.9038	9.4142	9.0293	8.7386	8.3322	7.843	7.4512	7.0287	6.7287	6.4267	6.1808	5.8751	5.4133	5.0771	4.8942	4.7137	4.5363	4.3899	4.1685	3.8583	3.5506	3.2576	2.9484	2.6463	2.3519	2.0003	1.6229	1.355	1.1239	0.89732	0.59493	0.30756	0.061987	-0.23538	-0.54372	-0.80301	-1.155	-1.4822	-1.7199	-1.9642	-2.2201	-2.4689	-2.704	-2.9175	-3.1252	-3.3263	-3.5327	-3.7527	-3.9729	-4.1977	-4.4179	-4.6591	-4.8996	-5.1406	-5.383	-5.6488	-5.9016	-6.1572	-6.3417	-6.562	-6.8305	-8828	-9999	-9999	-9999
-9999	-9999	-9999	-9999	-9999	-9999	-9999	-9999	-9999	-9999	-9999	-9959.9	-3428.9	12.463	12.272	12.073	11.864	11.636	11.372	11.147	10.898	10.608	10.313	10.107	9.7504	9.2681	8.8895	8.5402	8.1722	7.8138	7.3592	6.851	6.5443	6.2842	6.0298	5.7386	5.331	4.9612	4.6195	4.4339	4.3009	4.1958	4.005	3.7167	3.4159	3.1691	2.8959	2.5715	2.3108	1.9294	1.5032	1.2298	0.98262	0.70343	0.43555	0.15755	-0.090323	-0.3607	-0.64309	-0.90921	-1.3233	-1.6521	-1.8828	-2.1052	-2.3358	-2.5853	-2.8345	-3.0744	-3.2982	-3.5076	-3.6986	-3.8991	-4.1317	-4.3605	-4.5557	-4.7807	-5.0162	-5.2589	-5.4965	-5.746	-5.9999	-6.248	-6.4639	-6.7115	-1958.5	-9999	-9999	-9999	-9999
-9999	-9999	-9999	-9999	-9999	-9999	-9999	-9999	-9999	-9999	-9999	-9999	-9764.4	-2529.7	12.128	11.915	11.711	11.477	11.22	11.005	10.765	10.456	10.19	9.9427	9.588	9.1878	8.7858	8.4041	8.0876	7.7759	7.197	6.7605	6.4293	6.1566	5.9142	5.6516	5.2288	4.8248	4.451	4.2029	4.0561	3.9087	3.7811	3.5803	3.3127	3.0381	2.7921	2.4687	2.1747	1.7682	1.388	1.0959	0.81701	0.54111	0.26308	-0.0060055	-0.26593	-0.56498	-0.82831	-1.123	-1.4686	-1.7561	-2.04	-2.2702	-2.4872	-2.7135	-2.9518	-3.1953	-3.4263	-3.6396	-3.8261	-4.0808	-4.3272	-4.4551	-4.6859	-4.915	-5.136	-5.3732	-5.62	-5.8521	-6.1035	-6.3802	-6.6023	-6.8488	-6798.4	-9999	-9999	-9999	-9999
-9999	-9999	-9999	-9999	-9999	-9999	-9999	-9999	-9999	-9999	-9999	-9999	-9999	-9412.4	-1786.9	11.759	11.556	11.319	11.088	10.873	10.628	10.338	10.1	9.7688	9.4765	9.1492	8.773	8.324	7.9438	7.535	7.1117	6.7172	6.3968	6.0696	5.7879	5.5382	5.1434	4.7108	4.3342	4.029	3.8009	3.5841	3.4982	3.3891	3.1509	2.8603	2.5898	2.3085	2.0121	1.6516	1.2625	0.96863	0.66518	0.39756	0.12738	-0.16565	-0.46281	-0.81469	-1.0662	-1.3364	-1.5973	-1.8402	-2.1285	-2.4352	-2.6595	-2.8773	-3.0901	-3.3233	-3.5591	-3.7813	-4.0057	-4.21	-4.4009	-4.5435	-4.7907	-5.0681	-5.3211	-5.5375	-5.7957	-6.0337	-6.2916	-6.5364	-6.7909	-2153.7	-9960	-9999	-9999	-9999	-9999
-9999	-9999	-9999	-9999	-9999	-9999	-9999	-9999	-9999	-9999	-9999	-9999	-9999	-9999	-8904.1	-1122.4	11.43	11.229	11.017	10.787	10.518	10.219	9.9931	9.6512	9.3448	9.067	8.7676	8.2885	7.9089	7.496	7.1075	6.7684	6.4137	5.9932	5.6753	5.4025	5.0726	4.5771	4.2114	3.9143	3.6294	3.3692	3.1646	3.0569	2.8365	2.5793	2.348	2.0992	1.7591	1.4609	1.1164	0.816	0.53801	0.25097	-0.055606	-0.387	-0.72376	-1.042	-1.307	-1.5613	-1.8135	-2.0351	-2.3076	-2.5716	-2.8253	-3.0385	-3.2512	-3.4658	-3.6839	-3.8827	-4.0927	-4.2586	-4.4479	-4.6041	-4.8906	-5.2519	-5.5318	-5.7397	-6.0166	-6.2457	-6.464	-6.6992	-6.9889	-7462	-9999	-9999	-9999	-9999	-9999
-9999	-9999	-9999	-9999	-9999	-9999	-9999	-9999	-9999	-9999	-9999	-9999	-9999	-9999	-9999	-8200.3	-184.2	11.124	10.92	10.686	10.406	10.119	9.8611	9.5748	9.2621	9.003	8.6805	8.3287	7.9282	7.4761	7.1029	6.7529	6.3979	5.9542	5.6193	5.3395	5.0239	4.5702	4.1492	3.827	3.5312	3.2557	2.9884	2.7392	2.5135	2.3173	2.1072	1.8324	1.5395	1.2784	0.92066	0.63148	0.35536	0.068349	-0.24505	-0.58269	-0.89625	-1.1637	-1.442	-1.6984	-1.9427	-2.1914	-2.4456	-2.7041	-2.9538	-3.1707	-3.3809	-3.5804	-3.7511	-3.9611	-4.1464	-4.3257	-4.4987	-4.7212	-4.9792	-5.3463	-5.6855	-5.9231	-6.1552	-6.3853	-6.6132	-6.8928	-2856.3	-9999	-9999	-9999	-9999	-9999	-9999
-9999	-9999	-9999	-9999	-9999	-9999	-9999	-9999	-9999	-9999	-9999	-9999	-9999	-9999	-9999	-9999	-4642	10.975	10.719	10.497	10.257	10.036	9.7414	9.4455	9.1656	8.8762	8.5935	8.2484	7.8869	7.4599	7.0908	6.7381	6.3817	5.9424	5.5826	5.2853	5.0047	4.612	4.1967	3.8565	3.5001	3.1987	2.8869	2.6043	2.3481	2.1	1.8553	1.5821	1.3565	1.1151	0.79827	0.4931	0.18413	-0.10902	-0.39687	-0.7502	-0.98656	-1.2898	-1.6234	-1.857	-2.0751	-2.3047	-2.5463	-2.7955	-3.0493	-3.3002	-3.5007	-3.6539	-3.8071	-4.0345	-4.196	-4.3992	-4.6091	-4.8457	-5.0939	-5.44	-5.7645	-6.0343	-6.2848	-6.5259	-6.7145	-85.063	-8086.5	-9999	-9999	-9999	-9999	-9999	-9999
-9999	-9999	-9999	-9999	-9999	-9999	-9999	-9999	-9999	-9999	-9999	-9999	-9999	-9999	-9999	-9999	-9568.9	-1123.1	10.566	10.357	10.124	9.8458	9.5459	9.2902	9.0307	8.7433	8.4541	8.1257	7.7641	7.408	7.0249	6.6458	6.2774	5.8962	5.5575	5.2527	4.9641	4.6175	4.2509	3.9142	3.5559	3.2125	2.8835	2.5322	2.2299	1.9711	1.7162	1.4524	1.1903	0.93793	0.59346	0.27935	-0.020891	-0.32712	-0.62649	-0.88426	-1.0919	-1.412	-1.758	-2.0145	-2.2352	-2.4487	-2.6805	-2.9111	-3.1513	-3.4008	-3.599	-3.7582	-3.9093	-4.15	-4.324	-4.5086	-4.7412	-5.0012	-5.3022	-5.5889	-5.831	-6.0818	-6.3692	-6.6566	-6.8701	-3519.9	-9999	-9999	-9999	-9999	-9999	-9999	-9999
-9999	-9999	-9999	-9999	-9999	-9999	-9999	-9999	-9999	-9999	-9999	-9999	-9999	-9999	-9999	-9999	-9999	-6675.5	10.405	10.187	9.9312	9.637	9.3575	9.1369	8.8801	8.5653	8.2955	7.9395	7.5911	7.2611	6.9177	6.5682	6.2126	5.8299	5.5195	5.2195	4.9389	4.6149	4.2554	3.9091	3.5532	3.2636	2.92	2.5651	2.191	1.8892	1.609	1.3422	1.063	0.76775	0.4676	0.17593	-0.11046	-0.42262	-0.7531	-1.0263	-1.226	-1.5014	-1.8738	-2.1762	-2.4255	-2.624	-2.8314	-3.0498	-3.2894	-3.5158	-3.6901	-3.8598	-4.0494	-4.2656	-4.468	-4.6477	-4.8977	-5.1469	-5.4558	-5.7104	-5.9328	-6.1418	-6.4336	-6.7333	-202.16	-8593.9	-9999	-9999	-9999	-9999	-9999	-9999	-9999
-9999	-9999	-9999	-9999	-9999	-9999	-9999	-9999	-9999	-9999	-9999	-9999	-9999	-9999	-9999	-9999	-9999	-9999	-2726.6	10.007	9.738	9.476	9.1887	8.9631	8.7087	8.3788	8.1185	7.7786	7.4577	7.1135	6.8437	6.5446	6.1387	5.7631	5.4664	5.1852	4.907	4.5485	4.1888	3.8414	3.4984	3.2038	2.9392	2.6249	2.2602	1.9283	1.5754	1.2667	1.0025	0.71593	0.42205	0.13855	-0.14513	-0.52952	-0.90098	-1.2037	-1.4507	-1.801	-2.1136	-2.3787	-2.6128	-2.8083	-3.0084	-3.2113	-3.4341	-3.6509	-3.8325	-4.008	-4.1746	-4.3815	-4.6435	-4.7798	-5.0342	-5.2809	-5.5975	-5.8651	-6.0665	-6.2646	-6.5403	-6.7976	-4144.3	-9999	-9999	-9999	-9999	-9999	-9999	-9999	-9999
-9999	-9999	-9999	-9999	-9999	-9999	-9999	-9999	-9999	-9999	-9999	-9999	-9999	-9999	-9999	-9999	-9999	-9999	-8552.4	-263.81	9.5849	9.3098	9.0454	8.7899	8.5511	8.2599	7.9388	7.6425	7.3774	7.0368	6.7023	6.3925	6.0148	5.6877	5.3893	5.0952	4.8285	4.4555	4.1224	3.7772	3.4278	3.1278	2.8945	2.6111	2.258	1.9363	1.5595	1.2413	1.0116	0.75013	0.42853	0.11735	-0.19963	-0.59319	-0.99959	-1.3534	-1.675	-1.9346	-2.1959	-2.4589	-2.7181	-2.9633	-3.1849	-3.3873	-3.5922	-3.8017	-4.0212	-4.1694	-4.2818	-4.453	-4.7818	-4.9793	-5.1584	-5.4092	-5.7299	-6.0215	-6.2446	-6.4715	-6.697	-436.28	-9023.2	-9999	-9999	-9999	-9999	-9999	-9999	-9999	-9999
-9999	-9999	-9999	-9999	-9999	-9999	-9999	-9999	-9999	-9999	-9999	-9999	-9999	-9999	-9999	-9999	-9999	-9999	-9999	-4799.2	9.4587	9.171	8.9248	8.6471	8.4121	8.1335	7.796	7.5193	7.2585	6.9651	6.6149	6.2515	5.9273	5.6023	5.304	4.9616	4.6999	4.3574	4.0355	3.6825	3.3433	3.0253	2.7827	2.4807	2.1609	1.8428	1.5109	1.2375	0.97916	0.68944	0.37778	0.045509	-0.33764	-0.71278	-1.0871	-1.431	-1.8089	-2.0635	-2.3054	-2.5569	-2.8108	-3.0642	-3.3167	-3.5452	-3.7717	-3.9901	-4.1831	-4.3605	-4.5013	-4.5933	-4.9125	-5.1806	-5.3539	-5.5324	-5.8376	-6.1658	-6.4441	-6.6514	-6.8331	-4807.8	-9999	-9999	-9999	-9999	-9999	-9999	-9999	-9999	-9999
-9999	-9999	-9999	-9999	-9999	-9999	-9999	-9999	-9999	-9999	-9999	-9999	-9999	-9999	-9999	-9999	-9999	-9999	-9999	-9608	-1202.7	9.0349	8.7928	8.4921	8.2644	7.9843	7.6859	7.4264	7.1891	6.8838	6.5202	6.1458	5.8267	5.5182	5.1995	4.8473	4.5729	4.2739	3.9405	3.5786	3.2589	2.9095	2.6498	2.397	2.0808	1.7498	1.4724	1.2231	0.8557	0.58368	0.20917	-0.12501	-0.46547	-0.89719	-1.2232	-1.5733	-1.9475	-2.2294	-2.4459	-2.6805	-2.9262	-3.1735	-3.4207	-3.6633	-3.9036	-4.1362	-4.3506	-4.5341	-4.6501	-4.7714	-5.0639	-5.4032	-5.6394	-5.7706	-6.0469	-6.3863	-6.6387	-6.8041	-748.62	-9374.5	-9999	-9999	-9999	-9999	-9999	-9999	-9999	-9999	-9999
-9999	-9999	-9999	-9999	-9999	-9999	-9999	-9999	-9999	-9999	-9999	-9999	-9999	-9999	-9999	-9999	-9999	-9999	-9999	-9999	-6910.6	8.8906	8.6598	8.3973	8.1441	7.8813	7.5694	7.2804	6.9775	6.7505	6.4608	6.0877	5.7706	5.4508	5.1438	4.7724	4.4619	4.1711	3.8629	3.4958	3.1355	2.8078	2.5582	2.3087	2.0233	1.6887	1.3953	1.0856	0.69782	0.3799	0.045166	-0.28142	-0.6572	-1.0381	-1.3612	-1.7242	-2.0641	-2.3718	-2.6083	-2.8242	-3.058	-3.3	-3.541	-3.7832	-4.0199	-4.2571	-4.485	-4.6672	-4.783	-4.9802	-5.303	-5.6119	-5.8787	-6.0918	-6.2899	-6.5484	-6.7994	-7.0032	-5471.4	-9999	-9999	-9999	-9999	-9999	-9999	-9999	-9999	-9999	-9999
-9999	-9999	-9999	-9999	-9999	-9999	-9999	-9999	-9999	-9999	-9999	-9999	-9999	-9999	-9999	-9999	-9999	-9999	-9999	-9999	-9999	-2923.2	8.531	8.2689	7.9921	7.7621	7.4383	7.122	6.8471	6.6097	6.3382	6.0374	5.7243	5.4081	5.0678	4.7094	4.3966	4.0441	3.7645	3.4133	3.0725	2.7251	2.455	2.2006	1.955	1.5999	1.2918	0.92542	0.60548	0.2162	-0.12745	-0.46324	-0.78025	-1.1559	-1.5407	-1.8864	-2.2013	-2.4706	-2.7353	-2.9663	-3.1975	-3.4296	-3.6626	-3.9069	-4.1568	-4.3864	-4.6122	-4.7931	-4.9864	-5.2388	-5.4962	-5.762	-6.0371	-6.2871	-6.4842	-6.6622	-6.9621	-1139.1	-9647.7	-9999	-9999	-9999	-9999	-9999	-9999	-9999	-9999	-9999	-9999
-9999	-9999	-9999	-9999	-9999	-9999	-9999	-9999	-9999	-9999	-9999	-9999	-9999	-9999	-9999	-9999	-9999	-9999	-9999	-9999	-9999	-8630.8	-304.39	8.0866	7.8059	7.5846	7.2758	6.9694	6.7303	6.4625	6.2336	5.9599	5.6643	5.3574	5.0152	4.6581	4.3175	3.9578	3.6538	3.3307	2.9888	2.6753	2.375	2.0903	1.8258	1.5363	1.1734	0.8401	0.53775	0.0954	-0.26023	-0.59014	-0.89191	-1.2332	-1.6258	-1.9858	-2.2746	-2.5428	-2.803	-3.0539	-3.2899	-3.55	-3.7874	-4.0397	-4.292	-4.5291	-4.7626	-4.955	-5.1795	-5.4725	-5.6981	-5.914	-6.2252	-6.5141	-6.6924	-6.8437	-7.1692	-6330.2	-9999	-9999	-9999	-9999	-9999	-9999	-9999	-9999	-9999	-9999	-9999
-9999	-9999	-9999	-9999	-9999	-9999	-9999	-9999	-9999	-9999	-9999	-9999	-9999	-9999	-9999	-9999	-9999	-9999	-9999	-9999	-9999	-9999	-5034.5	7.8838	7.6204	7.3618	7.1268	6.8602	6.609	6.3666	6.1243	5.8818	5.605	5.2809	4.9711	4.5799	4.1976	3.8693	3.5183	3.2267	2.9097	2.5937	2.2908	2.0197	1.7355	1.4304	1.0703	0.75349	0.44984	0.040456	-0.35825	-0.68891	-1.0001	-1.331	-1.696	-2.0286	-2.3178	-2.5928	-2.8603	-3.1218	-3.3803	-3.6566	-3.9251	-4.1688	-4.4226	-4.6713	-4.8983	-5.1334	-5.3816	-5.6593	-5.9059	-6.1362	-6.4092	-6.6768	-6.8944	-7.0585	-2778.4	-9999	-9999	-9999	-9999	-9999	-9999	-9999	-9999	-9999	-9999	-9999	-9999
-9999	-9999	-9999	-9999	-9999	-9999	-9999	-9999	-9999	-9999	-9999	-9999	-9999	-9999	-9999	-9999	-9999	-9999	-9999	-9999	-9999	-9999	-9686.3	-1360.4	7.4632	7.1909	6.9817	6.7748	6.5384	6.3387	6.0658	5.786	5.5141	5.2351	4.8401	4.4397	4.0647	3.7089	3.4144	3.136	2.7875	2.4913	2.2225	1.9741	1.689	1.3086	0.98222	0.69347	0.31933	-0.10381	-0.4334	-0.797	-1.1626	-1.4543	-1.7504	-2.0633	-2.3493	-2.6382	-2.9074	-3.1865	-3.4654	-3.7403	-4.0008	-4.259	-4.5154	-4.7669	-4.9978	-5.1968	-5.458	-5.7967	-6.0379	-6.3017	-6.5602	-6.7742	-7.0395	-553.66	-8828.1	-9999	-9999	-9999	-9999	-9999	-9999	-9999	-9999	-9999	-9999	-9999	-9999
-9999	-9999	-9999	-9999	-9999	-9999	-9999	-9999	-9999	-9999	-9999	-9999	-9999	-9999	-9999	-9999	-9999	-9999	-9999	-9999	-9999	-9999	-9999	-7067.4	7.2959	7.04	6.8029	6.62	6.4276	6.2239	5.9771	5.6924	5.3971	5.1058	4.7323	4.3425	3.9551	3.6065	3.3422	3.0554	2.7171	2.4193	2.1507	1.8719	1.5646	1.1976	0.90353	0.61599	0.17085	-0.23245	-0.52605	-0.90161	-1.1949	-1.4901	-1.7932	-2.0905	-2.374	-2.6876	-2.9604	-3.2531	-3.5336	-3.7983	-4.0602	-4.3215	-4.5837	-4.8341	-5.0727	-5.2349	-5.5528	-5.928	-6.2024	-6.425	-6.6793	-6.8844	-7.172	-5978.9	-9999	-9999	-9999	-9999	-9999	-9999	-9999	-9999	-9999	-9999	-9999	-9999	-9999
-9999	-9999	-9999	-9999	-9999	-9999	-9999	-9999	-9999	-9999	-9999	-9999	-9999	-9999	-9999	-9999	-9999	-9999	-9999	-9999	-9999	-9999	-9999	-9999	-3119.9	6.8032	6.5916	6.4344	6.2829	6.1092	5.878	5.6044	5.2871	4.9172	4.548	4.1703	3.8247	3.5198	3.2824	2.9511	2.6132	2.3265	2.0286	1.7605	1.4609	1.0954	0.72969	0.47335	0.041557	-0.33743	-0.63319	-0.9579	-1.2179	-1.5307	-1.8666	-2.1818	-2.4703	-2.7459	-3.0346	-3.3066	-3.5749	-3.8405	-4.1064	-4.3682	-4.6277	-4.888	-5.1247	-5.3219	-5.6527	-6.0084	-6.3231	-6.5789	-6.7977	-7.0302	-3832.2	-9999	-9999	-9999	-9999	-9999	-9999	-9999	-9999	-9999	-9999	-9999	-9999	-9999	-9999
-9999	-9999	-9999	-9999	-9999	-9999	-9999	-9999	-9999	-9999	-9999	-9999	-9999	-9999	-9999	-9999	-9999	-9999	-9999	-9999	-9999	-9999	-9999	-9999	-8787.4	-384.29	6.3786	6.2999	6.1282	5.9659	5.7542	5.4985	5.1525	4.7574	4.4039	4.0103	3.7071	3.4436	3.1699	2.8386	2.5435	2.2218	1.9007	1.622	1.3095	0.92862	0.53151	0.25769	-0.079563	-0.39248	-0.69452	-1.0324	-1.3414	-1.6203	-1.9328	-2.243	-2.5225	-2.7966	-3.0611	-3.3656	-3.6467	-3.8986	-4.1573	-4.4239	-4.6865	-4.9512	-5.1937	-5.4422	-5.6708	-6.0036	-6.3704	-6.672	-6.9187	-2544.1	-9764.8	-9999	-9999	-9999	-9999	-9999	-9999	-9999	-9999	-9999	-9999	-9999	-9999	-9999	-9999
-9999	-9999	-9999	-9999	-9999	-9999	-9999	-9999	-9999	-9999	-9999	-9999	-9999	-9999	-9999	-9999	-9999	-9999	-9999	-9999	-9999	-9999	-9999	-9999	-9999	-5191.8	6.249	6.1528	5.9505	5.7886	5.5789	5.326	4.9906	4.5953	4.204	3.8837	3.6376	3.3847	3.0657	2.73	2.4293	2.133	1.7995	1.4857	1.1593	0.78988	0.4706	0.19615	-0.09244	-0.40548	-0.77591	-1.0925	-1.4016	-1.6972	-1.9928	-2.292	-2.5785	-2.856	-3.1234	-3.4099	-3.6842	-3.9306	-4.1987	-4.4853	-4.7583	-5.0098	-5.2485	-5.5115	-5.7607	-6.0108	-6.3323	-6.6405	-1529.1	-9296.5	-9999	-9999	-9999	-9999	-9999	-9999	-9999	-9999	-9999	-9999	-9999	-9999	-9999	-9999	-9999
-9999	-9999	-9999	-9999	-9999	-9999	-9999	-9999	-9999	-9999	-9999	-9999	-9999	-9999	-9999	-9999	-9999	-9999	-9999	-9999	-9999	-9999	-9999	-9999	-9999	-9725.4	-1557.2	5.9702	5.7681	5.5958	5.4271	5.1351	4.7964	4.3876	4.0193	3.7778	3.556	3.2841	2.8664	2.5526	2.2729	1.9874	1.6874	1.3651	1.0222	0.71089	0.44381	0.17451	-0.12691	-0.4733	-0.82722	-1.1541	-1.4669	-1.7622	-2.0581	-2.3406	-2.6138	-2.8955	-3.1875	-3.4567	-3.7153	-3.9859	-4.2644	-4.5392	-4.7998	-5.0431	-5.3189	-5.5743	-5.8473	-6.0524	-6.3321	-2465.7	-9101.3	-9999	-9999	-9999	-9999	-9999	-9999	-9999	-9999	-9999	-9999	-9999	-9999	-9999	-9999	-9999	-9999
-9999	-9999	-9999	-9999	-9999	-9999	-9999	-9999	-9999	-9999	-9999	-9999	-9999	-9999	-9999	-9999	-9999	-9999	-9999	-9999	-9999	-9999	-9999	-9999	-9999	-9999	-7302.4	5.7771	5.5938	5.4361	5.2417	4.9141	4.5875	4.2242	3.9065	3.6562	3.407	3.0292	2.6821	2.4101	2.1463	1.8522	1.5802	1.2632	0.98375	0.71552	0.4528	0.22287	0.10771	-0.44358	-0.81039	-1.1962	-1.5087	-1.7953	-2.1256	-2.4143	-2.697	-2.9725	-3.2625	-3.5439	-3.8031	-4.0654	-4.3367	-4.608	-4.8673	-5.1296	-5.3944	-5.6457	-5.9082	-6.1587	-4378.1	-9803.9	-9999	-9999	-9999	-9999	-9999	-9999	-9999	-9999	-9999	-9999	-9999	-9999	-9999	-9999	-9999	-9999	-9999
-9999	-9999	-9999	-9999	-9999	-9999	-9999	-9999	-9999	-9999	-9999	-9999	-9999	-9999	-9999	-9999	-9999	-9999	-9999	-9999	-9999	-9999	-9999	-9999	-9999	-9999	-9999	-3394.4	5.393	5.2463	5.031	4.6571	4.3605	4.1136	3.854	3.5332	3.2152	2.8606	2.5711	2.2912	2.0212	1.7613	1.537	1.1999	0.91397	0.65641	0.49194	0.12505	-0.0036722	-0.41463	-0.78414	-1.2683	-1.5511	-1.8481	-2.176	-2.4909	-2.7926	-3.0513	-3.3173	-3.6211	-3.8941	-4.1613	-4.4279	-4.7048	-4.9708	-5.2492	-5.4891	-5.7214	-669.56	-6407.8	-9999	-9999	-9999	-9999	-9999	-9999	-9999	-9999	-9999	-9999	-9999	-9999	-9999	-9999	-9999	-9999	-9999	-9999	-9999
-9999	-9999	-9999	-9999	-9999	-9999	-9999	-9999	-9999	-9999	-9999	-9999	-9999	-9999	-9999	-9999	-9999	-9999	-9999	-9999	-9999	-9999	-9999	-9999	-9999	-9999	-9999	-8943.9	-502.83	5.0231	4.7968	4.5011	4.2309	3.9956	3.8066	3.4838	3.0694	2.7502	2.4811	2.2187	1.9487	1.6777	1.4226	1.1498	0.8806	0.60859	0.35674	0.13703	0.040698	-0.40571	-0.9132	-1.3397	-1.648	-1.9481	-2.2503	-2.5655	-2.8727	-3.1435	-3.4283	-3.7061	-3.9814	-4.2537	-4.5097	-4.8005	-5.0454	-5.3098	-83.64	-3948.4	-9218.3	-9999	-9999	-9999	-9999	-9999	-9999	-9999	-9999	-9999	-9999	-9999	-9999	-9999	-9999	-9999	-9999	-9999	-9999	-9999	-9999
-9999	-9999	-9999	-9999	-9999	-9999	-9999	-9999	-9999	-9999	-9999	-9999	-9999	-9999	-9999	-9999	-9999	-9999	-9999	-9999	-9999	-9999	-9999	-9999	-9999	-9999	-9999	-9999	-5544.1	4.8106	4.63	4.4205	4.0781	3.8336	3.6338	3.3693	2.9416	2.6395	2.3843	2.1375	1.8833	1.6148	1.3468	1.0722	0.80773	0.52769	0.21453	0.06746	-0.1237	-0.5192	-1.0031	-1.366	-1.731	-2.0561	-2.3646	-2.668	-2.9738	-3.2619	-3.5376	-3.806	-4.0829	-4.3444	-4.6002	-4.8827	-5.1305	-2152.4	-7930.1	-9999	-9999	-9999	-9999	-9999	-9999	-9999	-9999	-9999	-9999	-9999	-9999	-9999	-9999	-9999	-9999	-9999	-9999	-9999	-9999	-9999	-9999
-9999	-9999	-9999	-9999	-9999	-9999	-9999	-9999	-9999	-9999	-9999	-9999	-9999	-9999	-9999	-9999	-9999	-9999	-9999	-9999	-9999	-9999	-9999	-9999	-9999	-9999	-9999	-9999	-9842.7	-1753.8	4.5124	4.3129	3.9808	3.7064	3.4569	3.2135	2.8526	2.5522	2.3045	2.0549	1.812	1.5567	1.2937	1.0173	0.71026	0.39504	0.094772	-0.11317	-0.29138	-0.68238	-1.0155	-1.3961	-1.7531	-2.1075	-2.4415	-2.7559	-3.0413	-3.3396	-3.63	-3.903	-4.1649	-4.4237	-4.6828	-863.78	-6134.2	-9920.9	-9999	-9999	-9999	-9999	-9999	-9999	-9999	-9999	-9999	-9999	-9999	-9999	-9999	-9999	-9999	-9999	-9999	-9999	-9999	-9999	-9999	-9999	-9999
-9999	-9999	-9999	-9999	-9999	-9999	-9999	-9999	-9999	-9999	-9999	-9999	-9999	-9999	-9999	-9999	-9999	-9999	-9999	-9999	-9999	-9999	-9999	-9999	-9999	-9999	-9999	-9999	-9999	-7654.4	-34.749	4.0853	3.8074	3.5297	3.296	3.079	2.7431	2.452	2.216	1.9907	1.7429	1.4868	1.2294	0.9746	0.64783	0.34931	0.048046	-0.21273	-0.48239	-0.75318	-1.1172	-1.4299	-1.738	-2.1361	-2.5177	-2.8328	-3.1209	-3.4176	-3.6969	-3.9676	-4.2277	-160.64	-4299.2	-9335.3	-9999	-9999	-9999	-9999	-9999	-9999	-9999	-9999	-9999	-9999	-9999	-9999	-9999	-9999	-9999	-9999	-9999	-9999	-9999	-9999	-9999	-9999	-9999	-9999	-9999
-9999	-9999	-9999	-9999	-9999	-9999	-9999	-9999	-9999	-9999	-9999	-9999	-9999	-9999	-9999	-9999	-9999	-9999	-9999	-9999	-9999	-9999	-9999	-9999	-9999	-9999	-9999	-9999	-9999	-9999	-3708	3.8255	3.5954	3.3555	3.1363	2.9435	2.6424	2.3686	2.1393	1.9059	1.6591	1.4237	1.1827	0.90923	0.63906	0.32597	-0.003361	-0.30057	-0.56306	-0.84627	-1.1613	-1.5014	-1.8407	-2.2468	-2.5548	-2.8817	-3.1971	-3.4893	-3.7576	-4.0226	-2463.9	-8164.1	-9999	-9999	-9999	-9999	-9999	-9999	-9999	-9999	-9999	-9999	-9999	-9999	-9999	-9999	-9999	-9999	-9999	-9999	-9999	-9999	-9999	-9999	-9999	-9999	-9999	-9999	-9999
-9999	-9999	-9999	-9999	-9999	-9999	-9999	-9999	-9999	-9999	-9999	-9999	-9999	-9999	-9999	-9999	-9999	-9999	-9999	-9999	-9999	-9999	-9999	-9999	-9999	-9999	-9999	-9999	-9999	-9999	-9139.4	-660.61	3.4085	3.1865	2.9883	2.7835	2.5581	2.2971	2.0634	1.8185	1.5984	1.3615	1.111	0.85512	0.58801	0.30121	-0.038652	-0.34601	-0.62734	-0.93418	-1.2637	-1.628	-2.0164	-2.3261	-2.6289	-2.9105	-3.2188	-3.5208	-1058	-6446.1	-9960	-9999	-9999	-9999	-9999	-9999	-9999	-9999	-9999	-9999	-9999	-9999	-9999	-9999	-9999	-9999	-9999	-9999	-9999	-9999	-9999	-9999	-9999	-9999	-9999	-9999	-9999	-9999	-9999
-9999	-9999	-9999	-9999	-9999	-9999	-9999	-9999	-9999	-9999	-9999	-9999	-9999	-9999	-9999	-9999	-9999	-9999	-9999	-9999	-9999	-9999	-9999	-9999	-9999	-9999	-9999	-9999	-9999	-9999	-9999	-5857.4	3.25	3.0359	2.8312	2.6387	2.4574	2.2286	1.9558	1.7048	1.5091	1.2935	1.0487	0.77321	0.52216	0.25226	-0.079767	-0.41047	-0.7161	-1.016	-1.3884	-1.7335	-2.0383	-2.3463	-2.658	-2.9469	-237.51	-4571.8	-9491.4	-9999	-9999	-9999	-9999	-9999	-9999	-9999	-9999	-9999	-9999	-9999	-9999	-9999	-9999	-9999	-9999	-9999	-9999	-9999	-9999	-9999	-9999	-9999	-9999	-9999	-9999	-9999	-9999	-9999	-9999
-9999	-9999	-9999	-9999	-9999	-9999	-9999	-9999	-9999	-9999	-9999	-9999	-9999	-9999	-9999	-9999	-9999	-9999	-9999	-9999	-9999	-9999	-9999	-9999	-9999	-9999	-9999	-9999	-9999	-9999	-9999	-9920.9	-2458.4	2.8885	2.7168	2.5053	2.3143	2.1157	1.8455	1.6156	1.4064	1.1961	0.94523	0.68981	0.44546	0.19229	-0.12859	-0.46237	-0.7778	-1.0791	-1.4317	-1.7732	-2.0771	-2.3639	-2.6644	-2736.2	-8437.1	-9999	-9999	-9999	-9999	-9999	-9999	-9999	-9999	-9999	-9999	-9999	-9999	-9999	-9999	-9999	-9999	-9999	-9999	-9999	-9999	-9999	-9999	-9999	-9999	-9999	-9999	-9999	-9999	-9999	-9999	-9999	-9999
-9999	-9999	-9999	-9999	-9999	-9999	-9999	-9999	-9999	-9999	-9999	-9999	-9999	-9999	-9999	-9999	-9999	-9999	-9999	-9999	-9999	-9999	-9999	-9999	-9999	-9999	-9999	-9999	-9999	-9999	-9999	-9999	-9178.5	-1247.5	2.4949	2.3178	2.174	1.9856	1.7594	1.5548	1.3343	1.1167	0.86813	0.59521	0.34281	0.087905	-0.23164	-0.52603	-0.84042	-1.1503	-1.5023	-1.826	-2.1313	-1642.4	-6797	-9999	-9999	-9999	-9999	-9999	-9999	-9999	-9999	-9999	-9999	-9999	-9999	-9999	-9999	-9999	-9999	-9999	-9999	-9999	-9999	-9999	-9999	-9999	-9999	-9999	-9999	-9999	-9999	-9999	-9999	-9999	-9999	-9999	-9999
-9999	-9999	-9999	-9999	-9999	-9999	-9999	-9999	-9999	-9999	-9999	-9999	-9999	-9999	-9999	-9999	-9999	-9999	-9999	-9999	-9999	-9999	-9999	-9999	-9999	-9999	-9999	-9999	-9999	-9999	-9999	-9999	-9999	-8240.9	-505.56	2.1543	2.024	1.8386	1.6361	1.483	1.2837	1.0468	0.81023	0.49617	0.23505	-0.041872	-0.31287	-0.60443	-0.89829	-1.2323	-196.84	-3360.3	-7499.8	-9960	-9999	-9999	-9999	-9999	-9999	-9999	-9999	-9999	-9999	-9999	-9999	-9999	-9999	-9999	-9999	-9999	-9999	-9999	-9999	-9999	-9999	-9999	-9999	-9999	-9999	-9999	-9999	-9999	-9999	-9999	-9999	-9999	-9999	-9999	-9999
-9999	-9999	-9999	-9999	-9999	-9999	-9999	-9999	-9999	-9999	-9999	-9999	-9999	-9999	-9999	-9999	-9999	-9999	-9999	-9999	-9999	-9999	-9999	-9999	-9999	-9999	-9999	-9999	-9999	-9999	-9999	-9999	-9999	-9999	-7537.8	-740.23	1.8613	1.7168	1.5284	1.3544	1.1652	0.93839	0.68972	0.41104	0.15107	-0.14076	-0.4038	-0.69957	-1133.6	-5117.3	-9061.7	-9999	-9999	-9999	-9999	-9999	-9999	-9999	-9999	-9999	-9999	-9999	-9999	-9999	-9999	-9999	-9999	-9999	-9999	-9999	-9999	-9999	-9999	-9999	-9999	-9999	-9999	-9999	-9999	-9999	-9999	-9999	-9999	-9999	-9999	-9999	-9999	-9999	-9999
-9999	-9999	-9999	-9999	-9999	-9999	-9999	-9999	-9999	-9999	-9999	-9999	-9999	-9999	-9999	-9999	-9999	-9999	-9999	-9999	-9999	-9999	-9999	-9999	-9999	-9999	-9999	-9999	-9999	-9999	-9999	-9999	-9999	-9999	-9999	-8748.9	-1873.4	1.5676	1.4096	1.1883	1.0208	0.82362	0.57744	0.35515	0.075379	-78.337	-2773.5	-6874.5	-9881.9	-9999	-9999	-9999	-9999	-9999	-9999	-9999	-9999	-9999	-9999	-9999	-9999	-9999	-9999	-9999	-9999	-9999	-9999	-9999	-9999	-9999	-9999	-9999	-9999	-9999	-9999	-9999	-9999	-9999	-9999	-9999	-9999	-9999	-9999	-9999	-9999	-9999	-9999	-9999	-9999
-9999	-9999	-9999	-9999	-9999	-9999	-9999	-9999	-9999	-9999	-9999	-9999	-9999	-9999	-9999	-9999	-9999	-9999	-9999	-9999	-9999	-9999	-9999	-9999	-9999	-9999	-9999	-9999	-9999	-9999	-9999	-9999	-9999	-9999	-9999	-9999	-9608.4	-3514.3	1.2614	1.0779	0.87573	0.67843	0.48462	-1132.4	-4726.1	-8592.9	-9999	-9999	-9999	-9999	-9999	-9999	-9999	-9999	-9999	-9999	-9999	-9999	-9999	-9999	-9999	-9999	-9999	-9999	-9999	-9999	-9999	-9999	-9999	-9999	-9999	-9999	-9999	-9999	-9999	-9999	-9999	-9999	-9999	-9999	-9999	-9999	-9999	-9999	-9999	-9999	-9999	-9999	-9999
