6.7917e-07
7.6222e-07
6.3889e-07
1.1194e-06
2.6561e-06
3.5017e-06
2.8692e-06
5.4694e-06
5.4969e-06
3.5947e-06
2.8089e-06
5.9819e-06
3.5706e-06
1.7083e-06
1.4714e-06
8.6611e-07
9.0417e-07
1.2308e-06
7.9306e-07
6.4361e-07
1.0047e-06
1.0306e-06
1.1564e-06
2.0272e-06
7.5e-07
8.3528e-07
8.4333e-07
1.3664e-06
3.7217e-06
3.8211e-06
4.3825e-06
6.9156e-06
1.2681e-05
1.0011e-05
6.7122e-06
7.7819e-06
6.4539e-06
4.1164e-06
3.1358e-06
5.635e-06
5.2131e-06
3.8442e-06
3.485e-06
5.335e-06
4.4719e-06
3.9831e-06
4.6167e-06
5.7036e-06
6.8483e-06
8.9017e-06
5.7942e-06
2.9292e-06
3.9494e-06
4.7583e-06
3.1986e-06
3.0586e-06
5.8106e-06
9.3111e-06
7.9592e-06
1.0392e-05
5.465e-06
3.5056e-06
1.1919e-06
6.1528e-07
6.2972e-07
6.8722e-07
1.0944e-06
9.2944e-07
1.1967e-06
8.2667e-07
9.4444e-07
7.6083e-07
1.0492e-06
2.2392e-06
1.4133e-06
7.5361e-07
6.25e-07
6.3722e-07
5.7667e-07
5.0278e-07
4.9056e-07
3.3083e-07
8.5972e-07
4.3444e-07
8.4611e-07
4.8694e-07
2.9778e-07
4.7889e-07
1.8539e-06
4.3278e-07
1.6486e-06
9.9333e-07
8.3306e-07
6.5167e-07
0
0
0
0
0
0
0
0
0
0
0
0
0
0
0
0
0
0
0
0
0
0
0
0
0
0
0
0
0
0
0
0
0
0
0
0
0
0
0
0
0
0
0
0
0
0
0
0
0
0
0
0
0
0
0
0
0
0
0
0
1.1111e-06
1.1111e-06
1.1111e-06
1.1111e-06
8.642e-07
6.1727e-07
3.7037e-07
3.7037e-07
3.7037e-07
3.7037e-07
3.7037e-07
3.7037e-07
3.7037e-07
3.7037e-07
3.7037e-07
3.7037e-07
4.9383e-07
6.1727e-07
7.4073e-07
4.9383e-07
2.4691e-07
0
1.2346e-07
2.4691e-07
3.7037e-07
4.9383e-07
6.1727e-07
7.4073e-07
7.4073e-07
7.4073e-07
7.4073e-07
7.4073e-07
7.4073e-07
7.4073e-07
7.4073e-07
7.4073e-07
7.4073e-07
6.1727e-07
4.9383e-07
3.7037e-07
3.7037e-07
3.7037e-07
3.7037e-07
4.9383e-07
6.1727e-07
7.4073e-07
7.4073e-07
7.4073e-07
7.4073e-07
7.4073e-07
7.4073e-07
7.4073e-07
6.1727e-07
4.9383e-07
3.7037e-07
3.7037e-07
3.7037e-07
3.7037e-07
4.9383e-07
6.1727e-07
7.4073e-07
8.642e-07
9.8763e-07
1.1111e-06
1.1111e-06
1.1111e-06
1.1111e-06
1.2346e-06
1.358e-06
1.4815e-06
1.4815e-06
1.4815e-06
1.4815e-06
1.358e-06
1.2346e-06
1.1111e-06
1.4815e-06
1.8519e-06
2.2222e-06
1.9753e-06
1.7284e-06
1.4815e-06
1.2346e-06
9.8763e-07
7.4073e-07
4.9383e-07
2.4691e-07
0
1.2346e-07
2.4691e-07
3.7037e-07
2.4691e-07
1.2346e-07
0
0
0
0
0
0
0
0
0
0
