0.000687
0.000687
0.000687
0.000687
0.000562
0.000562
0.000562
0.000562
0.000562
0.000562
0.000562
0.000562
0.000562
0.000562
0.000562
0.000687
0.000687
0.000687
0.000562
0.000562
0.000562
0.000562
0.000562
0.000687
0.000812
0.000687
0.000687
0.000687
0.000687
0.000687
0.000562
0.000562
0.000812
0.000812
0.000812
0.000937
0.000937
0.000937
0.000937
0.001062
0.001062
0.000937
0.000937
0.000937
0.000812
0.000812
0.000812
0.000687
0.000687
0.000687
0.000687
0.000687
0.000687
0.000812
0.000687
0.000812
0.000812
0.000812
0.000687
0.000687
0.000812
0.000812
0.000812
0.000812
0.000937
0.000937
0.000812
0.000812
0.000937
0.000937
0.000937
0.000937
0.000937
0.000812
0.000937
0.000937
0.000937
0.001062
0.001062
0.000937
0.000937
0.001062
0.000937
0.000812
0.000937
0.001062
0.001062
0.001062
0.000937
0.000812
0.000687
0.000812
0.000812
0.000812
0.000937
0.000937
0.001062
0.001062
0.000937
0.000937
0.000812
0.000812
0.000937
0.000937
0.000937
0.000812
0.000812
0.000812
0.000812
0.000937
0.000937
0.000812
0.000812
0.000937
0.000812
0.000812
0.000937
0.0008745
0.000687
0.000812
0.000687
0.000687
0.000687
0.000812
0.000812
0.000687
0.000687
0.000687
0.000812
0.000687
0.000687
0.000687
0.000687
0.000687
0.000687
0.000687
0.000812
0.000812
0.000812
0.000812
0.000687
0.000687
0.000812
0.000687
0.000812
0.000687
0.000687
0.000687
0.000687
0.000937
0.000687
0.000687
0.000937
0.000812
0.000937
0.000937
0.000937
0.000937
0.0009995
0.000937
0.001062
0.000812
0.000812
0.000687
0.000687
0.000687
0.000687
0.000562
0.000937
0.000812
0.000687
0.000812
0.000937
0.000687
0.000812
0.000812
0.000812
0.000812
0.000937
0.000687
0.000687
0.000562
0.000687
0.000687
0.000687
0.000687
0.000687
0.000687
0.000937
0.000937
0.000937
0.000812
0.000687
0.000562
0.000812
0.000687
0.001062
0.000812
0.000687
0.000562
0.000562
0.000562
0.000437
0.000437
0.000562
0.000562
0.000437
0.000437
0.000562
0.0004995
0.000437
0.000437
0.000437
0.000437
0.000562
0.000937
0.000812
0.000562
0.000562
0.000687
0.000687
0.000562
0.000562
0.000687
0.000687
0.000687
0.000687
0.000562
0.000562
0.000562
0.000562
0.000562
0.000562
0.000562
0.000687
0.000687
0.000687
0.000687
0.000687
0.000687
0.000687
0.000687
0.000812
0.000687
0.000687
0.000562
0.000562
0.000562
0.000562
0.000562
0.000562
0.000562
0.000812
0.000812
0.000687
0.000812
0.000687
